XGBoost regressor score:  0.03368556897279873
R: 0.31167763199106296
p: 7.036712687528927e-06
MSE: 6.687316195180988
