XGBoost regressor score:  0.0803333344055831
R: 0.37744180932860194
p: 3.5979924883348496e-08
MSE: 6.364493367298702
