XGBoost regressor score:  0.027378586339647515
R: 0.2948710519801932
p: 2.2492296152983942e-05
MSE: 6.730963258446475
